3792
3794
3795
3796
3797
3798
3799
3800
3802
3803
3804
3807
3808
3809
3810
3812
3813
3814
3815
3816
3817
3818
3819
3820
3821
3822
3823
3825
3826
3827
3829
3830
3831
3837
3849
3853
3855
3856
3862
3865
3867
3871
3872
3873
3874
3875
3876
3877
3878
3879
3880
3887
3892
3893
3894
3895
3898
3900
3902
3903
3904
3910
3911
3912
3913
3914
3915
3916
3920
3921
3922
3923
3924
3929
3931
3932
3933
3935
3936
3943
3944
3946
3947
3949
3950
3951
3952
3953
3958
3959
3960
3961
3962
3963
3965
3966
3978
3979
3980
3985
3987
3990
3991
3994
3995
3998
3999
4000
4002
4005
4006
4008
4012
4013
4014
4015
4016
4028
4030
4031
4032
4041
4042
4044
4045
4046
4051
4052
4053
4054
4055
4056
4057
4058
4060
4066
4069
4070
4073
4075
4076
4077
4078
4079
4080
4081
4082
4083
4084
4085
4086
4087
4088
4089
4090
4091
4092
4093
4094
4095
4096
4097
4098
4099
4101
4102
4103
4155
5492
5494
5495
5499
5500
5506
5507
5508
5511
5513
5519
7900
7911
7913
7914
7915
7916
7917
7919
7922
7923
7925
7927
7928
7929
7930
7931
7932
7939
7940
7941
7942
7944
7949
7950
7953
7954
7955
7956
7957
7959
7960
8791
8798
8799
8866
9208
10097
10098
11908
13996
15274
15286
15289
15290
15291
15292
15294
15295
15296
15297
15304
15306
15307
15316
15319
15320
15424
16014
16015
16016
16019
16020
16318
16372
16722
16745
16754
16769
16773
16777
17356
19353
19369
19371
19373
19374
19382
19383
19384
19385
19387
19486
19539
19925
20058
20059
20061
20070
20182
20334
20349
20350
20388
20389
20501
20502
20503
21140
21211
21394
21507
21548
21588
21590
21693
21694
21872
22045
22046
22047
22048
22049
22417
22472
22559
22928
22929
22930
22931
23371
23533
23630
23657
23764
23765
23766
23767
23768
23774
23775
23776
23777
23980
24032
24197
24330
24331
24480
24594
24595
24596
24597
24598
24599
24600
25494
25611
25625
25894
25960
26083
26125
26710
26716
26810
26816
26820
26832
26833
26834
27146
27148
27157
27202
27910
28496
28639
28641
28642
28644
28697
28726
28742
28760
28761
28762
28813
28824
28872
28974
28975
28980
29126
29318
29469
29726
